# Dust3D 1.0.0-rc.6
# https://dust3d.org/
v 0.0400899 -0.05339 1.23866e-07
v 0.0400899 -0.05339 -0.0155901
v 0.0443563 -0.058607 0.00274553
v 0.0407754 -0.0714812 0.0027734
v 0.0407796 -0.0719562 -0.00930292
v 0.0419081 -0.0715708 -0.0207767
v 0.0454813 -0.0587046 -0.0202628
v 0.0556801 -0.05339 -0.0155901
v 0.0583146 -0.0623066 -0.0193132
v 0.0572164 -0.0626637 -0.00851506
v 0.0556801 -0.05339 1.23866e-07
v 0.0572209 -0.0621842 0.00327149
v -0.0383857 -0.0933193 -0.0584467
v -0.0395365 -0.098678 0.021544
v -0.0384511 -0.0507575 0.0223449
v -0.0372586 -0.0399817 -0.0525988
v 0.0384511 -0.0393185 -0.0512988
v 0.0417645 -0.091622 -0.0571799
v 0.0372586 -0.0500943 0.0236449
v -0.0317269 -0.0033984 0.0260871
v -0.0306159 0.0129941 -0.0340704
v 0.0314934 0.0100696 -0.0200172
v 0.0317996 0.00712348 -0.019639
v 0.0317289 0.0135444 -0.032769
v 0.0306179 -0.00284806 0.0273884
v -0.0208576 0.0516242 -0.0115207
v -0.020181 0.0525153 -0.0123133
v -0.0142708 0.0442229 -0.00459478
v 0.0124494 0.0445584 -0.004151
v 0.0391213 0.0726908 -0.0316835
v 0.038808 0.105114 0.0416456
v 0.0120448 0.0416472 0.0224129
v -0.0413473 0.106719 0.0405935
v -0.0141516 0.142328 -0.0299815
v -0.0147893 0.111189 -0.0285086
v -0.0410339 0.0742957 -0.0327356
v 0.0163796 0.110578 -0.0279264
v 0.0170174 0.141717 -0.0293993
v -0.0124923 0.115838 -0.0538838
v -0.0131083 0.0977501 -0.0342184
v 0.0136063 0.0969798 -0.0340902
v 0.0142223 0.115068 -0.0537555
v -0.0109202 0.0903943 -0.069628
v -0.0113422 0.0829407 -0.0486447
v 0.0109202 0.0823357 -0.0484119
v 0.0113422 0.0897893 -0.0693952
v -0.0101275 0.074774 -0.0694995
v -0.0104662 0.0706061 -0.0498959
v 0.00957097 0.070116 -0.049654
v 0.00990968 0.0742839 -0.0692575
v -0.00933286 0.059401 -0.06913
v -0.00959198 0.0580302 -0.0513673
v 0.00821986 0.057649 -0.0511369
v 0.00847898 0.0590198 -0.0688996
v -0.00853012 0.0445485 -0.0685836
v -0.00872475 0.0449918 -0.0530009
v 0.00686063 0.0446615 -0.0527969
v 0.00705526 0.0442182 -0.0683796
v -0.00771621 0.0302867 -0.0679941
v -0.00786849 0.0313734 -0.0546763
v 0.00549021 0.0310833 -0.0544998
v 0.0056425 0.0299966 -0.0678177
v -0.00758619 0.0191277 -0.065308
v -0.00771486 0.0208055 -0.0528993
v 0.00480319 0.0205273 -0.0527319
v 0.00493186 0.0188495 -0.0651406
v -0.00745541 0.00801443 -0.0626106
v -0.00756201 0.0101908 -0.0511341
v 0.00411541 0.00992559 -0.0509754
v 0.00422201 0.0077492 -0.0624518
v -0.0073193 -0.00285394 -0.0599494
v -0.00741462 -0.000673452 -0.0493306
v 0.00342229 -0.000921045 -0.0491825
v 0.00351761 -0.00310153 -0.0598013
v -0.00718127 -0.0136365 -0.0573049
v -0.0072692 -0.0116251 -0.0475097
v 0.00272726 -0.0118535 -0.047373
v 0.00281518 -0.0138649 -0.0571683
v 0.0406138 -0.0969807 0.0228107
v -0.0309523 0.0080307 -0.0158556
v -0.00450277 0.0132246 -0.0335253
v -0.00185623 0.0112267 -0.0341831
v -0.0134708 0.0404126 0.0220845
v -0.0148758 0.041803 0.022109
v 0.031328 0.00762849 -0.0110586
v -0.0310172 0.00796116 -0.0198022
v -0.0308766 0.009148 -0.0199559
v -0.0195869 0.0288851 0.0166941
v -0.0208566 0.0262563 0.00698091
v -0.0198886 0.0278119 0.0208025
v -0.0185178 0.0326368 0.00287002
v -0.0186985 0.0327572 0.000515256
v -0.0288503 0.0102812 -0.00437463
v -0.0252062 0.0164447 0.00567721
v -0.0271298 0.0121233 0.00502306
v -0.0265812 0.0194838 -0.0214848
v -0.0240737 0.0254935 -0.0222727
v -0.0176673 0.0377335 -0.0107198
v -0.0163151 0.0369216 -0.0114776
v 0.0167327 0.0328821 0.00672131
v 0.0173235 0.0318406 0.00431016
v 0.0262715 0.0130423 0.00520209
v 0.0248955 0.015758 0.00562803
v 0.0268671 0.0201156 -0.0215301
v 0.0246002 0.0250121 -0.0221873
v 0.0385848 0.046015 0.00779522
v 0.0467542 0.0297461 0.00556807
v 0.0467542 0.0297461 -0.021158
v 0.0561213 0.0111115 0.00334092
v 0.0561213 0.0111115 -0.0189309
v 0.0351947 0.00348851 -0.0189309
v 0.0351947 0.00348851 0.00334092
v 0.0368477 -0.00412354 0.00222732
v 0.0566953 -0.00132048 0.00222732
v 0.0566953 -0.00132048 -0.0178173
v 0.0368477 -0.00412354 -0.0178173
v 0.0389899 -0.0132366 0.00111371
v 0.0567801 -0.0122514 0.00111371
v 0.0567801 -0.0122514 -0.0167037
v 0.0389899 -0.0132366 -0.0167037
v 0.0389765 -0.0261686 0.00111371
v 0.0567935 -0.0260454 0.00111371
v 0.0567935 -0.0260454 -0.0167037
v 0.0389765 -0.0261686 -0.0167037
v 0.0389763 -0.03947 0.00111371
v 0.0567937 -0.03947 0.00111371
v 0.0567937 -0.03947 -0.0167037
v 0.0389763 -0.03947 -0.0167037
v 0.0375127 0.0453002 -0.00881091
v 0.0385848 0.046015 -0.000491428
v 0.0385848 0.046015 -0.0082936
v 0.0385848 0.046015 -0.0233852
v -0.0385848 0.046015 0.00225925
v -0.0395161 0.0441603 0.00109522
v -0.0385848 0.046015 0.00779522
v -0.0467542 0.0297461 -0.021158
v -0.0385848 0.046015 -0.0233852
v -0.0467542 0.0297461 0.00556807
v -0.0351947 0.00348851 0.00334092
v -0.0561213 0.0111115 0.00334092
v -0.0351947 0.00348851 -0.0189309
v -0.0561213 0.0111115 -0.0189309
v -0.0368477 -0.00412354 0.00222732
v -0.0566953 -0.00132048 0.00222732
v -0.0368477 -0.00412354 -0.0178173
v -0.0566953 -0.00132048 -0.0178173
v -0.0389899 -0.0132366 0.00111371
v -0.0567801 -0.0122514 0.00111371
v -0.0389899 -0.0132366 -0.0167037
v -0.0567801 -0.0122514 -0.0167037
v -0.0567935 -0.0260454 0.00111371
v -0.0389765 -0.0261686 0.00111371
v -0.0567935 -0.0260454 -0.0167037
v -0.0389765 -0.0261686 -0.0167037
v -0.0567937 -0.03947 0.00111371
v -0.0389763 -0.03947 0.00111371
v -0.0567937 -0.03947 -0.0167037
v -0.0389763 -0.03947 -0.0167037
v -0.0400899 -0.05339 1.23866e-07
v -0.0556801 -0.05339 1.23866e-07
v -0.0556801 -0.05339 -0.0155901
v -0.0400899 -0.05339 -0.0155901
v -0.0412035 -0.06731 -0.00111347
v -0.0545665 -0.06731 -0.00111347
v -0.0545665 -0.06731 -0.0144765
v -0.0412035 -0.06731 -0.0144765
v -0.0317227 0.0383669 0.00748002
v -0.0293989 0.039891 0.00443247
v -0.0282743 0.0391412 0.00526465
v 0.0128713 0.0446007 0.00933559
v 0.0174066 0.0365841 -0.0115093
v 0.023117 0.0357029 -0.0233852
v 0.0335081 0.0426305 0.0016938
v 0.022505 0.035295 -0.0115303
v 0.0334241 0.0425745 0.00175853
v 0.0220701 0.035005 -0.0115228
v -0.0339276 0.0388502 0.00737884
v -0.033649 0.0427244 0.00779522
v 0.0245325 0.0366466 0.00549182
v 0.00110192 0.0132741 -0.0334083
v 0.0343668 0.0432029 0.00779522
v -0.0130966 0.0330514 -0.0151055
v -0.0103589 0.0305538 -0.0174435
v -0.0173368 0.0355942 0.00457701
v -0.0157065 0.0461655 0.00703222
v -0.0361189 0.044371 0.000875442
v -0.0333059 0.0424956 0.00154149
v -0.0328422 0.0421865 -0.00874459
v -0.0385848 0.046015 -0.0104086
v -0.0348946 0.0435548 -0.0137896
v -0.0358941 0.0442211 -0.00849698
v -0.0385848 0.046015 -0.000835388
v -0.0283179 0.0391702 -0.0110458
v -0.0385848 0.046015 -0.00717639
v -0.0357001 0.0440918 0.00539008
v -0.0232967 0.0358227 -0.0233852
v -0.0247749 0.0368082 -0.0219424
v 0.0139284 0.0393568 0.00764456
v 0.0124144 0.0417173 0.0159433
v 0.0101646 0.0305167 -0.0172474
v -0.00869941 0.0290576 -0.018844
v -0.0396364 0.0439208 -0.00887011
v 0.0377784 0.0454774 7.65838e-05
v 0.0339409 0.042919 -0.00917441
v 0.0343814 0.0432127 0.00102092
v 0.0355412 0.0439859 -0.0145893
v 0.0390282 0.0451319 -0.011535
v 0.0248518 0.0368595 -0.0219254
v 0.0234909 0.0359522 -0.0115474
v -0.0226233 0.0353738 -0.010876
v 0.0399065 0.0433828 -0.0102766
v 0.0398132 0.0435686 0.00182175
v 0.0393384 0.0445142 0.00243401
v 0.0365754 0.0446754 0.00544477
v -0.006519 0.0350209 0.0227716
v 0.00580726 0.0351135 0.0229829
v 0.0127369 0.0399892 0.0225983
v -1.14912e-06 0.0284079 0.0235784
v -0.0230668 0.0555369 -0.0105586
v -0.0233199 0.0559986 -0.0104174
v -0.0221973 0.0531296 -0.0129293
v -0.0231408 0.0555135 -0.0108812
v -0.0162235 0.0235429 -0.0240713
v -0.0183203 0.0359894 -0.00973465
v -0.0156669 0.0444002 0.018237
v -0.0175445 0.0510339 0.00588569
v -0.0231373 0.0357165 0.00566535
v 0.0182109 0.0274063 0.0204139
v 0.0180995 0.027142 0.0240349
v -0.0198955 0.0276241 0.0232298
v 0.00870915 0.00467068 0.0261568
v -0.00116031 0.0132735 0.0250783
v -0.00871973 0.00448263 0.0257965
v 0.0147634 0.024049 -0.0232081
v -0.00864984 0.0318736 -0.0341509
v -0.00564738 0.0327528 -0.0209349
v -0.0012274 0.0251983 -0.0259848
v -0.0120206 0.0188192 -0.0325167
v -0.00165022 0.0242564 -0.0393079
v 0.00449583 0.0328828 -0.0209502
v 0.00661503 0.0318986 -0.0341074
v 0.00931376 0.0188868 -0.0326994
v 0.0101985 0.0401182 -0.0169066
v 0.0153082 0.0391308 -0.0292146
v 0.0206367 0.027291 -0.0260526
v 0.0168251 0.0476611 -0.0150666
v 0.0274989 0.0468625 -0.0230666
v 0.0257313 0.0559952 -0.0107985
v 0.0384917 0.0554426 -0.0147275
v 0.0203619 0.0361864 -0.00920214
v 0.0263947 0.0432458 -0.00685085
v 0.0344224 0.0639858 -0.00569064
v 0.0477747 0.0636701 -0.00612361
v 0.0474896 0.0503422 -0.00519734
v 0.0341373 0.050658 -0.00476437
v 0.0256991 0.0566358 0.00130141
v 0.0389106 0.0565786 0.00444886
v 0.0261739 0.0432482 -0.000934423
v 0.0166937 0.0488082 0.00748418
v 0.028246 0.0491 0.0150265
v 0.0200108 0.0362256 0.00289035
v 0.0315631 0.0365175 0.0104327
v 0.0159334 0.0421747 0.0234033
v 0.021467 0.0294258 0.0215746
v 0.00715946 0.0355959 0.0301465
v 0.0100769 0.0216673 0.0305337
v -0.00108951 0.0286354 0.0372551
v 0.000742529 0.0146077 0.0249857
v -0.00142054 0.0142215 0.0382834
v -0.00826604 0.0355998 0.0303611
v -0.0118435 0.0215973 0.0306057
v -0.0028062 0.0144983 0.0249195
v -0.0160168 0.0421881 0.0238256
v -0.022185 0.0292954 0.0216666
v -0.0103442 0.0211005 0.0240926
v -0.0273029 0.049295 0.0154758
v -0.0311563 0.0362405 0.0106117
v -0.0368991 0.0568982 0.00496934
v -0.0239269 0.0421383 -0.000662884
v -0.0228378 0.0563624 0.00166448
v -0.0303598 0.063733 -0.0053245
v -0.0448083 0.06402 -0.00562156
v -0.0451161 0.049607 -0.00457345
v -0.0306677 0.04932 -0.00427639
v -0.0367648 0.0557238 -0.0144352
v -0.0271099 0.0469974 -0.0229326
v -0.0242592 0.0421742 -0.00635119
v -0.0194621 0.0354587 -0.00874217
v -0.0154941 0.0473092 -0.0150919
v -0.0100435 0.0398371 -0.016929
v -0.0161371 0.0390851 -0.0292874
v -0.0220765 0.0271769 -0.0256342
v -0.00198863 0.0109317 -0.0383552
v -0.0188731 0.0354378 0.00303509
v 0.00727466 0.0199109 0.0245954
v 0.0087385 0.00989368 0.025633
v 0.00867978 -0.000553098 0.0266807
v -0.00869451 8.658e-07 0.026247
v 0.0186989 0.00319861 0.026522
v 0.0118752 -0.000520601 0.0267469
v -0.00874493 0.00895945 0.0253464
v -0.0139015 0.000385489 0.0260951
v -0.0187101 0.000740686 0.0259548
v 0.0134104 0.0188019 0.0248211
v 0.0187353 0.00964638 0.0258718
v 0.0187884 0.0188963 0.0249076
v -0.018749 0.00765217 0.02526
v 0.0186375 -0.0972951 0.0201998
v 0.0126158 -0.0974159 0.0200037
v 0.00864229 -0.0974956 0.0198743
v -0.00864229 -0.0978777 0.0198426
v -0.0153389 -0.0980395 0.0200362
v -0.0186375 -0.0981192 0.0201316
v -0.00857467 -0.0980223 0.0220333
v -0.0185837 -0.0982343 0.0218751
v 0.00856727 -0.0976593 0.0223042
v 0.0185677 -0.0974475 0.0224623
v -0.0188193 0.0201388 0.0240048
v -0.012224 0.0196064 0.0242017
v -0.00864229 -0.0641774 0.0226333
v -0.00909403 -0.0645031 0.0226203
v 0.00863254 -0.0645281 0.0229218
v 0.0086331 -0.064254 0.0229263
v -0.00864166 -0.064485 0.0226283
v 0.00864229 -0.0597505 0.0229999
v -0.0186326 -0.0738221 0.0223058
v 0.0148359 -0.0610437 0.0230843
v -0.00864162 -0.0645037 0.022628
v 0.00862503 -0.0682091 0.0228615
v -0.00862398 -0.0731417 0.0224873
v -0.0186375 -0.0713844 0.0223455
v -0.0186331 -0.0735422 0.0223103
v -0.00861179 -0.0791138 0.02239
v 0.0186375 -0.0618376 0.0231361
v 0.0186325 -0.0643921 0.0230878
v -0.0185982 -0.0908665 0.0220141
v 0.0185985 -0.0817413 0.0227595
v 0.0186155 -0.0730667 0.0229237
v -0.00858639 -0.0920529 0.0221459
v 0.00857823 -0.0920748 0.0224099
v 0.00858177 -0.0902699 0.0224441
v -0.00858948 -0.090478 0.0221756
v 0.00861579 -0.0729207 0.0227724
v 0.0086125 -0.0745991 0.0227406
v 0.0185815 -0.0904159 0.0225954
v 0.00859623 -0.0828928 0.0225837
v -0.00860651 -0.0818038 0.0223393
v -0.00860441 -0.0828709 0.0223191
v -0.00852318 0.00797438 0.0324879
v -0.018697 0.0152172 0.0275809
v -0.0185184 0.00794897 0.0327947
v -0.00834402 0.000369966 0.0376942
v -0.00863266 -0.00232653 0.028069
v -0.0183393 0.000344556 0.0380011
v -0.00834125 -0.00903482 0.0370056
v -0.00863542 -0.0111892 0.0272449
v -0.0186307 -0.0112146 0.0275517
v -0.0186279 -0.00235194 0.0283758
v -0.0183365 -0.00906023 0.0373125
v -0.00833892 -0.0184468 0.0363024
v -0.00863776 -0.0200447 0.0264354
v -0.018633 -0.0200701 0.0267422
v -0.0183342 -0.0184722 0.0366092
v -0.00833704 -0.0278634 0.0355835
v -0.00863963 -0.0288955 0.0256415
v -0.0186349 -0.0289209 0.0259484
v -0.0183323 -0.0278888 0.0358904
v -0.00833567 -0.037282 0.0348485
v -0.00864101 -0.0377444 0.0248638
v -0.0186363 -0.0377698 0.0251707
v -0.0183309 -0.0373074 0.0351553
v -0.00833479 -0.0466998 0.0340971
v -0.00864189 -0.0465941 0.0241024
v -0.0186371 -0.0466195 0.0244093
v -0.01833 -0.0467252 0.034404
v -0.00833439 -0.0561931 0.033324
v -0.00864229 -0.0553682 0.0233628
v -0.0186375 -0.0553936 0.0236697
v -0.0183296 -0.0562185 0.0336308
v -0.00833439 -0.0653268 0.0325676
v -0.0186375 -0.0645274 0.0229133
v -0.0183296 -0.0653522 0.0328745
v -0.00833439 -0.0744606 0.0318113
v -0.0183296 -0.074486 0.0321181
v -0.00833439 -0.0835943 0.0310549
v -0.0183296 -0.0836197 0.0313617
v -0.00833439 -0.092728 0.0302985
v -0.0183296 -0.0927534 0.0306054
v -0.00833439 -0.101862 0.0295422
v -0.00864229 -0.101037 0.019581
v -0.0186375 -0.101062 0.0198878
v -0.0183296 -0.101887 0.029849
v -0.0109102 -0.104153 0.0269223
v -0.0110641 -0.103741 0.0219417
v -0.0160618 -0.103754 0.0220951
v -0.0159078 -0.104166 0.0270757
v -0.00870172 0.0152426 0.0272741
v 0.00852318 0.00797438 0.0324879
v 0.0185184 0.00794897 0.0327947
v 0.018697 0.0152172 0.0275809
v 0.00870172 0.0152426 0.0272741
v 0.00863266 -0.00232653 0.028069
v 0.00834402 0.000369966 0.0376942
v 0.0183393 0.000344556 0.0380011
v 0.00834125 -0.00903482 0.0370056
v 0.00863542 -0.0111892 0.0272449
v 0.0186279 -0.00235194 0.0283758
v 0.0183365 -0.00906023 0.0373125
v 0.0186307 -0.0112146 0.0275517
v 0.00833892 -0.0184468 0.0363024
v 0.00863776 -0.0200447 0.0264354
v 0.0183342 -0.0184722 0.0366092
v 0.018633 -0.0200701 0.0267422
v 0.00833704 -0.0278634 0.0355835
v 0.0186349 -0.0289209 0.0259484
v 0.00863963 -0.0288955 0.0256415
v 0.0183323 -0.0278888 0.0358904
v 0.00833567 -0.037282 0.0348485
v 0.00864101 -0.0377444 0.0248638
v 0.0183309 -0.0373074 0.0351553
v 0.0186363 -0.0377698 0.0251707
v 0.00833479 -0.0466998 0.0340971
v 0.00864189 -0.0465941 0.0241024
v 0.01833 -0.0467252 0.034404
v 0.0186371 -0.0466195 0.0244093
v 0.00833439 -0.0561931 0.033324
v 0.00864229 -0.0553682 0.0233628
v 0.0183296 -0.0562185 0.0336308
v 0.0186375 -0.0553936 0.0236697
v 0.00833439 -0.0653268 0.0325676
v 0.0183296 -0.0653522 0.0328745
v 0.00833439 -0.0744606 0.0318113
v 0.0183296 -0.074486 0.0321181
v 0.0183296 -0.0836197 0.0313617
v 0.00833439 -0.092728 0.0302985
v 0.0183296 -0.0927534 0.0306054
v 0.00864229 -0.101037 0.019581
v 0.00833439 -0.101862 0.0295422
v 0.0183296 -0.101887 0.029849
v 0.0110641 -0.103741 0.0219417
v 0.0109102 -0.104153 0.0269223
v 0.0186375 -0.101062 0.0198878
v 0.0159078 -0.104166 0.0270757
v 0.0160618 -0.103754 0.0220951
v 0.00833439 -0.0835943 0.0310549
v 0.0441126 -0.0730659 -0.110093
v 0.0441121 -0.0726947 -0.0987718
v 0.0476951 -0.0598279 -0.0991935
v 0.0476956 -0.0601991 -0.110515
v 0.0605688 -0.0634089 -0.0990755
v 0.0605693 -0.0637801 -0.110397
v 0.0569859 -0.0762757 -0.0986538
v 0.0569864 -0.0766469 -0.109975
v 0.0441116 -0.0723235 -0.0874505
v 0.0476946 -0.0594567 -0.0878721
v 0.0605683 -0.0630378 -0.0877542
v 0.0569854 -0.0759046 -0.0873325
v 0.0441111 -0.0719524 -0.0761291
v 0.0476941 -0.0590856 -0.0765508
v 0.0605678 -0.0626666 -0.0764328
v 0.0569849 -0.0755334 -0.0760112
v 0.0441125 -0.0715862 -0.0650422
v 0.0476945 -0.0587134 -0.0652129
v 0.0605655 -0.0622905 -0.064877
v 0.0569834 -0.0751633 -0.0647064
v 0.0441153 -0.0712151 -0.0538851
v 0.047696 -0.0583408 -0.0538799
v 0.0605617 -0.0619192 -0.0533915
v 0.056981 -0.0747936 -0.0533967
v 0.0441198 -0.0708412 -0.0427279
v 0.0476985 -0.0579676 -0.0425468
v 0.0605562 -0.0615508 -0.0419061
v 0.0569775 -0.0744245 -0.0420872
v 0.0430216 -0.0711986 -0.0319198
v 0.0465944 -0.0583331 -0.0313865
v 0.0594278 -0.0619361 -0.0304422
v 0.055855 -0.0748016 -0.0309755
v 0.0547414 -0.0751727 -0.0198271
v 0.0536371 -0.0755378 -0.00864956
v 0.0536399 -0.0750584 0.00329937
v 0.0407724 -0.0710039 0.0148498
v 0.0443546 -0.0581314 0.0146596
v 0.0572242 -0.0617069 0.0150579
v 0.053642 -0.0745794 0.0152482
v 0.0407707 -0.0705244 0.0269262
v 0.0443535 -0.0576554 0.0265737
v 0.0572262 -0.0612319 0.0268444
v 0.0536433 -0.0741008 0.0271969
v 0.040774 -0.0700487 0.0386208
v 0.0443466 -0.0571836 0.0391634
v 0.0572232 -0.060753 0.0390127
v 0.0536506 -0.0736181 0.03847
v 0.0407862 -0.0695602 0.0501636
v 0.0443254 -0.0567756 0.0517757
v 0.0572112 -0.060287 0.0513328
v 0.053672 -0.0730716 0.0497206
v 0.0408069 -0.0690533 0.0617039
v 0.0442897 -0.0564321 0.0643771
v 0.0571909 -0.0598393 0.0636553
v 0.053708 -0.0724605 0.0609821
v 0.0408356 -0.0685277 0.0732464
v 0.0442405 -0.0561485 0.0769522
v 0.0571625 -0.0594104 0.0759756
v 0.0537575 -0.0717896 0.0722699
v 0.0406784 -0.0750344 0.0810599
v 0.0437557 -0.0636949 0.0885029
v 0.0573197 -0.0662676 0.0868142
v 0.0542423 -0.077607 0.0793712
v 0.0401074 -0.0823574 0.0928652
v 0.0439589 -0.0684691 0.0939649
v 0.0578906 -0.0723085 0.0936609
v 0.0540392 -0.0861968 0.0925612
v 0.0405168 -0.077467 0.104101
v 0.0440213 -0.0650593 0.0988838
v 0.0574813 -0.0682899 0.100242
v 0.0539767 -0.0806976 0.105459
v 0.0411577 -0.071994 0.11496
v 0.0437265 -0.0631146 0.10531
v 0.0568403 -0.064854 0.1072
v 0.0542715 -0.0737333 0.11685
v 0.0424834 -0.062166 0.119046
v 0.0439221 -0.0573834 0.108486
v 0.0555147 -0.057977 0.109796
v 0.0540759 -0.0627596 0.120356
v 0.0434699 -0.053356 0.121855
v 0.0445912 -0.0496655 0.112628
v 0.0545281 -0.050082 0.113669
v 0.0534068 -0.0537725 0.122896
f 2 1 125 128
f 8 2 128 127
f 480 4 5 479
f 6 7 475 474
f 11 8 127 126
f 7 9 476 475
f 476 9 478 477
f 9 10 479 478
f 1 11 126 125
f 308 13 18 79
f 14 15 16 13
f 16 17 18 13
f 17 19 79 18
f 15 20 80 16
f 25 20 15 19
f 16 21 82 17
f 85 25 19 17
f 30 31 170 29
f 226 33 220 28
f 31 33 84 32
f 36 35 37 30
f 34 35 36 33
f 27 36 30 29
f 30 37 38 31
f 31 38 34 33
f 34 39 40 35
f 42 39 34 38
f 35 40 41 37
f 41 42 38 37
f 43 44 40 39
f 44 45 41 40
f 41 45 46 42
f 42 46 43 39
f 47 48 44 43
f 48 49 45 44
f 45 49 50 46
f 46 50 47 43
f 51 52 48 47
f 52 53 49 48
f 49 53 54 50
f 50 54 51 47
f 55 56 52 51
f 56 57 53 52
f 53 57 58 54
f 54 58 55 51
f 62 59 55 58
f 59 60 56 55
f 56 60 61 57
f 57 61 62 58
f 66 63 59 62
f 63 64 60 59
f 60 64 65 61
f 61 65 66 62
f 70 67 63 66
f 67 68 64 63
f 64 68 69 65
f 65 69 70 66
f 74 71 67 70
f 71 72 68 67
f 68 72 73 69
f 69 73 74 70
f 71 75 76 72
f 76 77 73 72
f 74 78 75 71
f 77 78 74 73
f 75 78 77 76
f 107 108 212 106
f 109 110 108 107
f 110 111 22 108
f 102 112 109 107
f 112 113 114 109
f 116 113 112 111
f 114 115 110 109
f 115 116 111 110
f 113 117 118 114
f 120 117 113 116
f 118 119 115 114
f 119 120 116 115
f 124 121 117 120
f 121 122 118 117
f 122 123 119 118
f 119 123 124 120
f 128 125 121 124
f 125 126 122 121
f 126 127 123 122
f 123 127 128 124
f 138 136 142 140
f 142 136 87 141
f 202 137 136 138
f 95 138 140 139
f 141 139 143 145
f 139 140 144 143
f 140 142 146 144
f 146 142 141 145
f 145 143 147 149
f 143 144 148 147
f 144 146 150 148
f 150 146 145 149
f 152 147 148 151
f 149 147 152 154
f 150 149 154 153
f 148 150 153 151
f 156 152 151 155
f 154 152 156 158
f 151 153 157 155
f 153 154 158 157
f 156 155 160 159
f 158 156 159 162
f 155 157 161 160
f 157 158 162 161
f 162 159 163 166
f 159 160 164 163
f 160 161 165 164
f 161 162 166 165
f 164 165 166 163
f 291 235 238 292
f 290 236 235 291
f 236 237 239 235
f 235 239 293 238
f 240 241 239 237
f 241 242 293 239
f 243 244 241 240
f 244 245 242 241
f 243 246 247 244
f 246 248 249 247
f 171 250 246 243
f 250 251 248 246
f 248 252 253 249
f 253 254 207 249
f 251 255 252 248
f 258 256 252 255
f 256 257 253 252
f 253 257 213 254
f 261 259 256 258
f 259 260 257 256
f 199 263 260 259
f 260 263 264 262
f 263 265 266 264
f 265 267 269 266
f 270 271 269 267
f 273 274 271 270
f 276 277 274 273
f 226 280 278 276
f 280 281 282 278
f 282 283 133 278
f 279 284 281 280
f 220 285 282 281
f 282 285 189 283
f 288 289 26 287
f 290 291 286 289
f 351 349 397 350
f 354 352 349 351
f 352 353 298 349
f 352 355 356 353
f 359 355 352 354
f 356 357 358 353
f 303 358 354 351
f 357 359 354 358
f 355 360 361 356
f 363 360 355 359
f 361 362 357 356
f 362 363 359 357
f 360 364 365 361
f 367 364 360 363
f 365 366 362 361
f 366 367 363 362
f 364 368 369 365
f 371 368 364 367
f 369 370 366 365
f 370 371 367 366
f 368 372 373 369
f 375 372 368 371
f 369 373 374 370
f 374 375 371 370
f 372 376 377 373
f 379 376 372 375
f 373 377 378 374
f 378 379 375 374
f 321 381 378 377
f 378 381 382 379
f 379 382 380 376
f 384 383 380 382
f 386 385 383 384
f 388 387 385 386
f 392 389 387 388
f 389 390 314 387
f 315 391 392 388
f 396 393 389 392
f 394 393 396 395
f 393 394 390 389
f 394 395 391 390
f 395 396 392 391
f 403 398 297 402
f 404 399 398 403
f 299 399 404 407
f 400 401 398 399
f 403 402 406 405
f 404 403 405 408
f 405 406 411 410
f 402 407 409 406
f 409 407 404 408
f 412 408 405 410
f 406 409 413 411
f 413 409 408 412
f 412 410 414 417
f 410 411 416 414
f 416 411 413 415
f 415 413 412 417
f 417 414 418 420
f 416 415 421 419
f 421 415 417 420
f 414 416 419 418
f 420 418 422 424
f 418 419 423 422
f 419 421 425 423
f 425 421 420 424
f 424 422 426 428
f 422 423 427 426
f 423 425 429 427
f 429 425 424 428
f 428 426 430 431
f 431 430 432 433
f 433 432 445 434
f 436 434 445 435
f 438 435 316 437
f 436 435 438 439
f 317 436 439 442
f 441 438 437 440
f 443 439 438 441
f 437 442 444 440
f 444 442 439 443
f 440 444 443 441
f 452 447 446 453
f 447 448 449 446
f 446 449 451 453
f 448 450 451 449
f 450 452 453 451
f 457 454 447 452
f 454 455 448 447
f 455 456 450 448
f 456 457 452 450
f 461 458 454 457
f 458 459 455 454
f 459 460 456 455
f 460 461 457 456
f 458 462 463 459
f 465 462 458 461
f 459 463 464 460
f 464 465 461 460
f 462 466 467 463
f 469 466 462 465
f 463 467 468 464
f 468 469 465 464
f 466 470 471 467
f 473 470 466 469
f 467 471 472 468
f 472 473 469 468
f 474 475 471 470
f 475 476 472 471
f 472 476 477 473
f 473 477 474 470
f 477 478 6 474
f 478 479 5 6
f 12 480 479 10
f 4 481 482 3
f 484 481 4 480
f 3 482 483 12
f 483 484 480 12
f 481 485 486 482
f 488 485 481 484
f 482 486 487 483
f 487 488 484 483
f 485 489 490 486
f 490 491 487 486
f 488 492 489 485
f 491 492 488 487
f 489 493 494 490
f 494 495 491 490
f 492 496 493 489
f 495 496 492 491
f 493 497 498 494
f 498 499 495 494
f 496 500 497 493
f 499 500 496 495
f 497 501 502 498
f 502 503 499 498
f 500 504 501 497
f 503 504 500 499
f 508 505 501 504
f 505 506 502 501
f 502 506 507 503
f 503 507 508 504
f 509 510 506 505
f 510 511 507 506
f 507 511 512 508
f 508 512 509 505
f 509 513 514 510
f 516 513 509 512
f 510 514 515 511
f 515 516 512 511
f 520 517 513 516
f 517 518 514 513
f 514 518 519 515
f 515 519 520 516
f 524 521 517 520
f 521 522 518 517
f 518 522 523 519
f 519 523 524 520
f 528 525 521 524
f 525 526 522 521
f 522 526 527 523
f 523 527 528 524
f 525 528 527 526
f 1 2 3
f 4 3 2
f 5 4 2
f 6 5 2
f 7 6 2
f 2 8 7
f 9 7 8
f 10 9 8
f 8 11 10
f 12 10 11
f 3 12 11
f 11 1 3
f 22 23 24
f 26 27 28
f 81 82 21
f 83 32 84
f 17 24 23
f 17 23 85
f 16 80 86
f 16 86 21
f 21 86 87
f 88 89 90
f 91 28 92
f 80 20 93
f 94 20 89
f 95 20 94
f 87 96 21
f 96 97 21
f 93 20 95
f 98 28 99
f 100 101 29
f 85 102 25
f 102 103 25
f 104 24 105
f 22 24 104
f 22 104 108
f 103 102 107
f 23 111 85
f 103 107 106
f 23 22 111
f 129 130 131
f 104 132 108
f 112 102 85
f 85 111 112
f 104 105 132
f 133 134 135
f 96 136 137
f 95 94 138
f 96 137 97
f 93 139 141
f 95 139 93
f 94 135 138
f 87 86 141
f 96 87 136
f 80 93 141
f 86 80 141
f 167 94 89
f 168 169 92
f 31 32 170
f 171 29 101
f 105 172 132
f 173 174 175
f 175 174 176
f 94 167 177
f 177 178 135
f 94 177 135
f 179 176 101
f 175 176 179
f 176 171 101
f 17 82 24
f 24 82 180
f 181 103 106
f 29 182 28
f 183 182 29
f 184 185 28
f 186 187 188
f 189 190 137
f 191 192 186
f 168 193 187
f 92 193 168
f 191 194 192
f 135 195 133
f 187 193 188
f 186 188 191
f 184 28 91
f 137 196 97
f 137 190 197
f 137 197 196
f 198 100 29
f 170 198 29
f 199 170 32
f 171 200 29
f 29 200 201
f 138 135 134
f 202 134 192
f 138 134 202
f 194 202 192
f 202 189 137
f 169 91 92
f 203 129 204
f 205 204 173
f 205 203 204
f 206 207 132
f 172 208 132
f 129 203 130
f 209 174 173
f 204 209 173
f 206 132 208
f 210 193 92
f 211 132 207
f 108 132 211
f 108 211 212
f 211 131 130
f 212 211 130
f 212 213 106
f 106 213 214
f 32 215 216
f 32 216 217
f 216 215 218
f 32 83 215
f 28 219 26
f 219 28 220
f 221 222 36
f 220 33 36
f 222 220 36
f 29 201 183
f 97 223 21
f 224 92 28
f 224 210 92
f 98 224 28
f 84 33 225
f 225 33 226
f 226 28 185
f 214 181 106
f 169 227 91
f 195 135 178
f 32 217 199
f 228 229 25
f 103 228 25
f 182 99 28
f 20 230 90
f 90 89 20
f 88 167 89
f 29 28 27
f 36 27 221
f 231 232 233
f 223 81 21
f 24 234 105
f 180 234 24
f 234 180 242
f 234 242 245
f 206 208 247
f 206 249 207
f 211 254 131
f 214 257 260
f 268 269 232
f 272 269 271
f 275 271 230
f 225 226 276
f 195 278 133
f 187 279 168
f 185 279 226
f 190 285 286
f 197 286 291
f 200 243 240
f 209 251 250
f 207 254 211
f 204 255 251
f 203 205 255
f 170 259 198
f 216 265 217
f 83 270 215
f 226 279 280
f 187 284 279
f 202 283 189
f 188 284 191
f 220 284 219
f 222 285 220
f 210 287 193
f 27 26 289
f 224 98 288
f 182 290 99
f 287 219 284
f 265 216 218
f 212 254 213
f 273 84 225
f 284 220 281
f 287 210 288
f 271 275 272
f 294 227 279
f 205 258 255
f 204 251 209
f 201 200 240
f 190 286 197
f 274 88 90
f 210 224 288
f 129 255 204
f 278 195 276
f 270 83 273
f 273 225 276
f 186 284 187
f 172 105 245
f 292 97 196
f 254 212 130
f 130 203 255
f 254 130 255
f 218 270 267
f 81 238 293
f 82 81 293
f 82 293 180
f 180 293 242
f 223 292 238
f 223 97 292
f 284 188 287
f 81 223 238
f 219 287 26
f 290 183 236
f 182 183 290
f 236 183 201
f 213 257 214
f 250 171 176
f 250 174 209
f 250 176 174
f 171 243 200
f 88 277 167
f 88 274 277
f 263 199 217
f 263 217 265
f 229 228 264
f 266 229 264
f 269 268 266
f 201 240 237
f 134 283 192
f 192 283 284
f 186 192 284
f 283 202 194
f 194 191 284
f 283 194 284
f 249 206 247
f 283 134 133
f 84 273 83
f 208 244 247
f 274 90 230
f 274 230 271
f 265 218 267
f 295 229 266
f 268 295 266
f 221 289 286
f 221 27 289
f 222 221 286
f 285 190 189
f 218 215 270
f 227 169 279
f 167 277 177
f 168 279 169
f 261 198 259
f 197 291 196
f 196 291 292
f 289 288 98
f 289 99 290
f 289 98 99
f 232 269 272
f 234 245 105
f 264 228 262
f 244 208 172
f 244 172 245
f 279 185 294
f 287 188 193
f 255 129 131
f 255 131 254
f 236 201 237
f 199 259 170
f 205 173 258
f 262 103 181
f 258 173 175
f 228 103 262
f 294 185 184
f 261 179 100
f 179 101 100
f 261 100 198
f 179 261 258
f 175 179 258
f 260 262 181
f 260 181 214
f 285 222 286
f 178 277 276
f 178 177 277
f 276 195 178
f 184 227 294
f 184 91 227
f 232 296 268
f 20 297 298
f 25 299 300
f 25 297 20
f 233 232 301
f 20 302 303
f 298 297 231
f 20 298 302
f 25 300 297
f 231 296 232
f 298 231 233
f 304 229 295
f 305 299 25
f 272 301 232
f 229 304 306
f 229 306 25
f 306 305 25
f 20 303 307
f 13 309 310
f 13 311 312
f 13 313 14
f 311 310 314
f 313 13 312
f 14 313 315
f 314 310 316
f 308 79 317
f 13 308 309
f 13 310 311
f 230 20 318
f 230 319 275
f 230 318 319
f 307 318 20
f 320 15 321
f 322 323 324
f 325 320 323
f 15 14 326
f 325 327 19
f 15 325 19
f 322 324 328
f 15 320 325
f 329 322 328
f 329 328 330
f 331 15 332
f 329 330 333
f 323 320 324
f 326 332 15
f 321 15 331
f 334 335 19
f 327 334 19
f 14 336 326
f 337 79 338
f 339 316 340
f 336 14 315
f 341 342 340
f 338 19 335
f 338 79 19
f 333 343 329
f 333 344 343
f 345 317 79
f 346 333 347
f 333 346 344
f 341 346 348
f 340 342 339
f 339 314 316
f 348 346 347
f 341 348 342
f 337 345 79
f 301 349 233
f 298 353 302
f 328 324 380
f 321 377 320
f 333 330 383
f 332 382 331
f 347 385 348
f 342 387 339
f 312 390 391
f 307 351 350
f 324 320 376
f 332 384 382
f 326 384 332
f 336 388 386
f 330 328 380
f 324 376 380
f 320 377 376
f 381 331 382
f 311 390 312
f 350 319 318
f 233 349 298
f 358 303 302
f 349 301 397
f 387 342 385
f 381 321 331
f 342 348 385
f 385 347 383
f 301 272 397
f 358 302 353
f 326 336 386
f 383 347 333
f 313 312 391
f 315 388 336
f 350 318 307
f 384 326 386
f 303 351 307
f 339 387 314
f 311 314 390
f 313 391 315
f 330 380 383
f 319 350 397
f 275 319 397
f 272 275 397
f 231 398 296
f 322 430 323
f 334 428 335
f 343 432 430
f 340 435 341
f 304 401 400
f 231 297 398
f 300 407 402
f 325 426 427
f 334 327 429
f 335 431 338
f 337 338 433
f 345 337 434
f 345 436 317
f 308 442 309
f 445 344 346
f 436 345 434
f 344 445 432
f 426 323 430
f 306 304 400
f 437 309 442
f 344 432 343
f 445 341 435
f 327 325 427
f 431 335 428
f 327 427 429
f 346 341 445
f 323 426 325
f 304 295 401
f 305 400 399
f 299 305 399
f 401 296 398
f 437 310 309
f 407 300 299
f 337 433 434
f 338 431 433
f 430 322 329
f 430 329 343
f 400 305 306
f 308 317 442
f 297 300 402
f 428 334 429
f 295 268 401
f 401 268 296
f 310 437 316
f 340 316 435
